10000 10000
1 40106851 351936755
1 992458805 749649386
1 251948480 807835123
1 873916076 266827499
1 380961762 175582227
1 975679728 857038582
1 922635445 901992775
1 477002441 216550214
1 675717658 893152670
1 473094908 114636140
1 252418540 911177533
1 944319662 276407904
1 989162912 190150557
1 771968856 177346196
1 767606082 221152645
1 950939706 663316346
1 290368563 141592357
1 290474042 559872841
1 622205128 303709053
1 459221962 87288016
1 194098200 973766185
1 308183715 60625088
1 575176210 162666323
1 22133695 279319512
1 11923362 118439472
1 377365426 861505191
1 639941470 898182114
1 342849850 371782627
1 221493079 837997080
1 109815630 775819215
1 467233378 236665545
1 685040791 820742770
1 289124594 354536775
1 427158974 223044097
1 381757784 669422099
1 815575421 135465593
1 630057917 934526240
1 226964202 449364520
1 373623139 241913345
1 694957243 130310715
2 92611762 393218437
1 988042112 680217780
1 816089110 31618381
1 935758752 67576461
1 66902991 97600934
1 569941377 227657619
1 718772682 609930577
1 349248244 742429657
1 5040155 396496361
1 714584551 293994633
1 919739040 259732752
1 824467275 49979059
1 345034674 791919018
1 34849910 606885386
1 17945711 758832775
1 12637091 376664540
1 302941484 646773129
1 758992539 127718371
1 364545119 138970142
1 207493583 978690400
1 366050574 464327141
1 219000554 102823767
1 356612794 111853628
1 234593287 29398717
1 447593359 66369272
1 514434379 329445031
1 487125629 705762817
1 96715037 991989727
1 489257489 28711838
1 733472749 713337241
1 52516632 31255107
1 380741774 418706136
1 24506551 712226080
1 782208063 823511554
1 2161574 615330797
1 29531409 265668606
1 744440274 360936274
1 613669317 723737925
1 132431894 428257675
1 697577726 75611909
1 881131024 121890656
1 613234475 857799372
1 136315924 844166966
1 448120513 129290540
1 723574247 705454946
1 497135553 645852441
1 501458326 77232832
1 385785204 638793335
1 787045501 521953434
1 784382030 854152924
1 78346498 155094853
1 127078963 217386023
1 678957919 310623053
1 725629354 92921365
1 768117395 17834226
1 992044124 15535338
1 304390178 579674492
1 118180808 635445159
1 505692241 222198239
1 905605303 84699810
1 39849443 320647793
1 304325874 291895742
1 582157718 389270694
1 166892324 345646486
2 532356636 901107850
1 3828399 712371161
1 835925367 352603073
1 983697025 666784569
1 111152396 620525260
1 402359300 26750697
1 105241184 55032938
1 17646792 822847014
1 740742678 699487487
1 876474971 117481402
1 114612558 430947
1 750600608 818454756
1 950607392 727587311
1 531457028 606760301
1 149868637 991347775
1 604847768 281830456
1 747235506 95760264
1 991561729 704878583
1 540409824 752547383
1 807270085 134120496
1 449201121 111200020
1 58595720 709229223
1 601115906 191956654
1 781744219 263114965
1 431583129 210868115
1 938490760 94299752
1 186533869 896095310
1 399498789 342266201
1 384121680 597232878
1 671810545 443792467
1 81857370 32778441
1 348450668 15450285
1 984079617 654557372
1 147854029 344085824
1 473259840 946186039
1 900887829 107525584
1 48320397 165072391
1 727589244 820537890
1 296912477 603488958
1 819585212 601524804
1 804399786 137645437
1 18220305 78966839
1 342284658 462535271
1 42689177 10438319
1 151822244 258860850
1 694420813 349961224
1 731937901 893972091
1 99213842 832711000
1 527530103 385946305
1 955402728 718420877
1 250082402 509433235
1 15451675 436737594
1 551676511 340216278
1 807293874 179437150
1 72063559 577416361
1 229313116 479877894
1 930001598 943853298
1 630756741 149264395
1 95204043 12012264
1 675720198 728821028
1 254508754 888687301
1 145226699 283707101
1 480080325 406939074
1 817102935 684084558
1 422096999 838754730
1 261960460 427974870
1 676452681 154760927
1 368792217 652985877
1 38618274 103226880
1 628764403 669272912
1 92244422 661785998
1 861222200 521734620
1 959611781 385992875
1 342927136 877749851
1 186186785 357621816
1 435340230 79438859
1 37195538 813623045
1 857088144 553110710
1 841161317 513406618
1 39644492 23519983
1 161756165 714546631
1 787892818 730424724
1 288581832 969754076
1 736643106 517457587
1 970404941 605028069
1 223246407 448431140
1 623024780 47214688
1 347309107 156587381
1 913488454 432832553
1 720447969 849191775
1 10121010 38564113
1 884882679 898930478
1 654849100 988111403
1 836790111 60991374
1 927224636 723114620
1 786604185 340184941
1 808008895 311893215
1 370010814 452087764
1 123455508 240498532
1 202131317 49398912
1 948822935 446484501
1 506986548 500779518
1 311644772 101067971
1 767634500 698773971
1 504362189 490334392
1 111044625 956701710
1 817168168 780455589
1 137864731 105162451
1 44936735 130439979
1 693854229 771823593
1 558198361 431283231
1 885073509 958726641
1 6251466 427647515
1 797119623 186513775
1 213110116 531974994
1 125056848 591437570
1 988001411 789134651
1 466378441 900124915
1 798124155 889813923
1 623658542 108918034
1 218900255 210077052
1 938926822 626237776
1 107163384 503698702
1 633142751 448745172
1 783412119 585244276
1 263769885 567188365
1 291639208 22486402
1 558094545 479426297
1 471130875 317388214
1 708186129 922877007
1 799146507 892614811
1 938684620 850516056
1 996420108 548254428
1 22893158 951690849
1 894895642 683075153
1 942057743 560535848
1 333316837 64223014
1 449785295 399015625
1 604305721 909064762
1 462868806 250253008
1 626335787 8218162
1 297243313 721398669
1 622091886 547934406
1 52878145 250710313
1 386261741 58016106
1 558172824 2082872
1 114611820 781005959
1 802068779 615116434
1 384124481 644309285
1 491784319 901975777
1 736154631 690571428
1 724032750 176085348
1 737673397 653689248
1 749962213 826368226
1 681476182 832880001
1 565613542 504178772
1 376073072 408726561
1 2462264 19555264
1 371763104 192559805
1 100551779 490076620
1 629178226 181945132
1 794274012 604969932
1 607180386 831435536
1 835516887 136752076
1 290693869 959537936
1 591068505 621991091
1 762130855 540809277
1 530538305 405189791
1 903383063 242734129
1 242714915 31109330
1 600193854 520392797
1 344715518 515809998
1 513358120 568112841
1 426007591 992081417
1 537124668 580526735
1 767465485 798601091
1 562695836 858417911
1 984800732 889435295
1 860635358 396099361
1 91708702 40853124
1 530865377 252816532
1 913337699 253598337
1 699575605 294225910
1 892945815 124587469
1 527811825 825880665
1 187847897 358643789
1 581287591 590410312
1 461497750 474729864
1 592847484 811025155
1 344316374 604352800
1 531790554 769880842
1 194300977 441376999
1 706296077 576049170
1 775266743 917841830
1 701458886 881758619
1 208172329 294451118
1 978194690 176331976
1 218944278 156993035
1 548226027 122968737
1 66032196 140029829
1 266056127 544373435
1 210746296 605441547
1 183659393 829417412
1 765036631 779041206
1 542864479 412766097
1 209105984 954005174
1 306234180 152539979
1 947179934 104359174
1 443971429 469617525
1 406460739 33137844
2 818402254 46902521
1 29731155 475315981
1 46563669 350010884
1 89621037 667710890
1 573828963 787301042
1 433423919 84254587
1 339436013 184504059
1 77609870 304984870
1 465855985 63646580
1 379564038 99333654
1 905531711 54860488
1 532521643 526896852
1 363315950 748141807
1 403118161 689004220
1 257928903 389073075
1 835511122 832838299
1 570620022 541720830
1 652016597 626873716
1 102493730 330235216
1 888971161 687549326
1 555918439 412834754
1 880013356 664597403
1 851074563 769091321
1 832390656 281278834
1 758821465 399961300
1 599586172 44499658
1 874280428 741019200
1 466269142 210620269
1 999750117 888162291
1 580480218 112815605
1 321549440 212582228
1 457054324 163018149
1 603425339 144870017
1 912925554 562106841
1 213934779 507184153
1 739572254 148502720
1 999031251 691083311
1 632996813 143448853
1 793780629 695595017
1 263612987 284708748
1 97941426 567546689
1 298580669 723504491
1 290537963 486709441
1 724854908 109192972
1 652816062 385601511
1 850277896 57389512
1 626564633 204960521
1 264891438 89776813
1 184828780 948930476
2 124227936 544815468
1 303316345 504611015
1 687445583 228871199
1 921916198 551026681
1 775131559 793287989
1 238596916 539376841
1 683529481 982937942
1 966755868 197578852
1 685288317 685944958
1 209628288 142433914
1 623771940 867314573
1 503068761 226526466
1 937794068 122415543
1 940747328 11227413
1 155885474 37112178
1 733653831 461815121
1 175551196 639398772
1 451694528 275239951
1 779909061 838890586
1 686616714 537476867
1 872876901 981282450
1 35878269 710645923
1 16202920 739536918
1 260788396 849426623
1 385127874 328466260
1 687319665 467072442
1 982787333 55471585
1 279246642 839521977
1 204707429 248956709
1 815186083 679807699
1 191459604 931061222
1 648738027 358522548
1 228789455 268642055
1 847052952 542846879
1 948298616 224189656
1 19662427 546907529
1 467814839 419345984
1 741409759 173699619
1 777551534 663618521
1 216217829 223699857
1 161549909 542969333
1 505853786 144306476
1 48930014 466465653
1 823654341 478920625
1 521798752 341389094
1 689255204 785421710
1 58759592 522963702
1 374909062 172563314
1 678002738 436765162
1 53636921 325578085
1 362468978 752490354
1 948614658 240940256
1 56678952 60869221
1 110267863 579543236
1 159510683 629436303
1 465570238 556064045
1 478345571 168216007
1 54533376 359911741
1 725626391 43122224
1 71836729 60051845
1 325448444 171149399
1 829985740 664044915
1 52230646 312634277
1 632042986 292347640
1 166732510 954619882
1 16350993 519189691
1 554864462 25996138
1 673141012 330114866
1 966333185 890501681
1 287797946 679883956
1 952990351 768768509
1 882929382 282122504
1 346972306 145445337
1 145779051 977152577
1 718290101 89126298
1 838895558 87500751
1 838747378 744523138
1 704950240 224381759
1 905592195 71415076
1 601901781 515255897
1 348470730 559653741
1 466408604 614095878
1 73646611 620988983
1 919682432 662827165
1 748337356 641705460
1 128068852 113054779
1 221219146 528972443
1 610042816 902677734
1 152007662 80213882
1 324260686 328832094
1 676985044 719272702
1 628866418 590860439
1 838649150 241088789
1 417343583 612008379
1 71045855 859755831
1 757911059 485658256
1 999036344 422176293
1 691575612 922791898
1 692607531 293406777
1 322767171 997129253
1 928717125 37573479
1 995723631 934488793
1 40723538 540703420
1 110405740 163401172
1 599619912 464084191
1 139646830 430602795
1 785402386 823407040
1 989166544 44172159
1 813253643 768048393
1 30015279 394094264
1 39326211 116622157
1 553556917 524923793
1 756872463 2823038
1 989338398 992060112
1 106054428 631301542
1 351231946 515749397
1 970427355 627235098
1 937767703 679298988
1 793304570 491427414
1 458793325 473120545
1 338348059 79130357
1 289392989 924989315
1 491059543 251062358
1 860054317 220477862
2 648570648 47372411
1 962677153 573113973
1 778167109 479190733
1 252377734 432372513
1 29898109 133828212
1 609814967 368186885
1 330126793 136244681
1 115295588 181171431
1 662439136 59332704
1 700548136 252663829
1 451923294 972626466
1 365739500 885578786
1 582588836 985598557
1 704466119 884716122
1 766261531 891099036
1 455154152 439082050
1 439602443 847492399
1 665957590 857425544
1 192306683 928511024
1 780623934 968859215
1 350521629 669374882
1 895227741 822212105
1 452207378 97753891
1 605661513 73540789
1 860858001 636071546
1 869323850 394696409
1 655874681 45182094
1 828803226 909863518
1 746003348 861717228
1 685362370 930553729
1 868016272 893069433
1 879244898 427004257
1 367221992 824996644
1 669228605 146283474
1 928850166 919088497
1 314334321 207161427
1 924493238 706643599
1 346072923 61900785
1 44518705 694544357
1 353481341 814109163
1 613341405 300466813
1 291225821 517142034
1 661893273 474947851
1 726340816 106023542
1 56812292 6947307
1 851115492 309501377
1 197961351 477235632
1 287528739 450289201
1 433359098 142291687
1 140600493 840474151
1 748149429 423678596
1 169537553 499832280
1 189181416 89239730
1 115326886 707196917
1 523655987 698188103
1 667506301 116807557
1 781022128 11833410
2 855262038 74001873
1 102824531 33513838
1 570961434 191886442
1 641041476 58630133
1 28689651 150627429
1 120678879 463830094
1 372235358 332776773
1 737328801 97493795
1 941275937 660129357
2 398692172 463334742
1 592127453 446882373
1 942590931 931891976
1 668736201 667405456
1 331627769 740828196
1 942956374 985946605
1 701086764 715450037
1 845950608 550125516
1 543878077 61417085
1 721064944 481272365
1 137515255 319465191
1 623584355 655035703
1 440081502 309102424
1 656737837 874364526
1 984391313 243759681
1 902780710 63426915
1 539041707 587946503
1 490988657 59681356
1 206080253 492668138
1 346028743 319367525
1 810881366 344873078
1 28801812 888233709
1 936433382 875686058
1 687827477 411934138
1 801401827 143072405
1 498993576 454368875
1 65374667 826358161
1 528996461 54200025
1 178905292 177115422
1 145528852 505498787
1 61285903 32999739
1 454623347 900755581
1 680089457 1029396
1 15681216 206687309
1 994549364 525936147
1 340213148 6405053
1 83533815 291502145
1 842433196 415040501
1 55212426 35286856
1 283323223 842163562
1 430034134 301217983
1 807308022 624244008
1 158795620 703295766
1 316965955 132856056
1 605597567 146284014
1 994145689 976799941
1 805349832 718177961
1 37468909 320223570
1 541755594 103088725
1 333572092 413831574
1 109374060 3824588
1 816940593 103086211
1 392988935 452816020
1 824841345 894522608
1 952500881 339202229
1 169775768 563049560
1 890965033 838817678
1 41890188 821237147
1 1182221 542235524
1 29956209 755809843
1 318299986 286100025
1 22641517 224349278
1 24653057 465542284
1 4257786 486627529
1 56002409 73124186
1 473623643 263667050
1 209534990 574374428
1 771923745 566649266
1 527754621 864453037
1 946229933 170077896
2 848362778 289277413
1 448745584 104462024
1 249660135 647821285
1 20704199 669078935
1 743569518 965547133
1 478449819 127333565
1 373638624 295148318
1 144014767 242118800
1 901680363 897247709
1 432824292 950763255
1 311032630 343194190
1 716594886 514935204
1 963608221 982166898
1 59828299 304853075
1 724365586 327609059
1 140019101 244910551
1 675663539 131058284
1 175087345 640411025
1 569806122 894889059
1 283219486 39118028
1 356428447 161017246
1 148711174 510714888
1 587645130 67385935
1 115325967 691751284
1 809373565 773065435
1 187560380 614291442
2 193906619 48831612
1 117288022 662776386
1 820983181 474869670
1 410688012 420976226
1 350547467 896612726
1 23404200 950839155
1 13147246 567926459
1 525791161 76835522
1 320070200 766294243
1 698792604 812208563
1 906878488 8283635
1 670053126 178643814
1 341491122 364982670
1 570271583 334978920
1 453949338 664609622
1 717368529 632651223
1 465991017 831140688
1 579064983 742259655
1 529590224 650661600
1 797142775 221124370
1 147510260 801789760
1 566388207 284566476
1 788285656 683380627
1 598367015 88502204
1 343501348 791112700
1 567594842 237128098
1 418804231 184294129
1 207084747 549834689
1 101553139 140064964
1 511996955 958827734
1 731613653 886786896
1 141793326 999539068
1 359492706 122410731
1 26997691 69616629
1 851785222 828235252
1 236819997 946491688
1 290794631 860066292
1 823945473 869987433
1 701531347 745105577
1 449302104 660937654
1 538716791 422050585
1 935077465 561625509
1 469525622 462209876
1 911546880 13053040
1 329231828 481458524
1 15329757 742166837
1 369774765 134284584
1 960822185 608921502
1 436797173 943959743
1 790094899 26556670
1 972636523 249499675
1 149129394 97287487
1 141370367 333318096
1 206011429 690448239
1 398152513 190241939
1 864288870 316628360
1 603366486 362749068
1 119647062 863477442
1 787133994 654750216
1 734582383 242624478
1 398380333 871729032
1 873957856 614518890
1 208590225 875578249
1 779306143 295582348
1 580000196 635020439
1 86843910 882672566
1 118047922 342492382
1 132433852 815670850
1 299276081 319370671
1 727232026 52204483
1 98029881 261231296
1 27442679 667605495
1 660758969 738053346
1 427009266 647363966
1 453608406 229532792
1 644984163 544356063
1 50854063 798723913
1 831964065 346993416
1 254233086 195997450
1 117469113 765910598
1 96652207 374479426
1 861489909 726152489
1 553438437 888135502
1 83406785 303992582
1 821517301 861889922
1 227487924 868647008
1 235147810 759332190
1 585930538 167525602
1 310166189 20327254
1 372267516 80277701
1 794407216 696245913
1 858433728 900525950
1 349743973 277190950
1 287350366 599857837
1 170346882 424344323
1 414180916 937133863
2 452229846 475373567
1 477626558 968666398
1 948174057 632715259
1 796277300 707471574
1 38921764 323058860
1 59311448 415094328
1 666219589 965875443
1 846153314 662037964
1 969299213 200926749
1 305494881 966548637
1 119433934 14875949
1 226549862 928003081
1 427611785 36482564
1 662907191 128977079
1 795280562 135165184
1 31845117 290431894
2 185020227 78634333
1 504515175 121107869
1 769139678 226496853
1 447050496 679889066
1 145018310 76280472
1 829074548 27521431
1 344187443 584893130
1 639602978 297092942
1 995629202 347420590
2 70160965 812773708
1 49571071 503292417
1 997665760 216112544
1 59598454 943836876
1 79448019 695510546
1 135140172 849129434
1 279081337 208724489
1 626802346 52719265
1 711471288 301969498
1 140587013 52389300
1 383771416 945775349
1 354970606 74382254
1 668789591 417247539
1 833737965 303181080
1 438935024 367599501
1 917486338 260297306
1 73081354 65154241
1 76491822 402831448
2 734297337 539802228
1 227360795 879473552
1 633148213 333523584
1 451930342 736577133
1 871864395 936941862
1 621451582 523763313
1 816176552 146751006
1 582748100 367381311
1 116128764 860985072
1 297063508 994383328
1 448964835 287424865
1 146298575 557331366
1 621944953 225915122
1 286642917 594664376
1 824807896 332345265
1 431903382 505414414
1 243169268 284507035
2 204162093 820912792
1 131592081 907432604
1 637069541 667290223
1 110933814 34763458
1 417039294 585769028
1 656898958 287357879
1 737682778 604334293
1 737554109 796299479
1 359092887 845103739
1 244637839 137438293
1 759618422 116537139
1 75014672 991670093
1 290525927 284420389
1 872345745 437056724
1 956839762 41309776
1 825494540 135352738
1 133088090 281052103
1 267944927 77180330
1 924917707 250759494
1 422323203 552619486
1 875297446 654171550
1 924903248 7747081
1 931244818 363815368
1 23742000 185792814
1 39295425 599201855
1 413006053 518564245
1 19917098 325174310
1 377710631 13893263
1 490222268 418388384
1 630627126 911287315
2 978242700 983236046
1 532170436 712106675
1 43297483 289797604
1 109935815 293779794
1 652652538 932220937
1 551680317 404183720
1 450502940 368551836
1 694803193 688676012
1 92860559 279782322
1 712487469 201054389
1 650774922 232878461
1 737938854 613236331
1 571822333 421608984
1 772694269 838965674
1 184685043 887647786
1 903271492 722065401
1 593966254 79818300
1 979293094 457338828
1 22063650 456578266
1 788230533 111433435
1 828427214 32680775
1 310605524 961779658
1 80696263 199910984
1 726684524 440272957
2 185107900 552154444
2 902686142 621506186
1 358418275 244318090
1 347812943 241645867
1 844941269 411529050
1 133865310 897360270
1 179002335 15138545
1 24348756 207649162
1 336654485 325498128
1 721983831 892620645
1 939293554 554472981
1 86385866 981283068
1 659406744 633527888
1 553401797 272327022
1 269499260 431051297
1 394327455 327001543
1 472363034 551448057
1 489551914 682145519
1 941751331 853120305
1 178004083 269902710
1 46353755 323975002
1 379584613 652159101
1 731176758 779322150
1 11044650 943838908
1 691020238 385577090
2 239696231 688211223
1 104632573 918031165
1 72499766 880339313
1 101993695 516081559
1 658580969 432607923
1 4583008 510182742
1 926629835 316228801
1 65939510 143782718
1 500946362 62588472
1 980268253 21472034
1 312732346 200055013
1 129146683 609817711
1 40017972 419673893
2 345724532 294439120
1 261904990 288669158
1 177830748 297123590
1 790479497 48044315
1 460175742 85082947
1 718520533 667029628
1 77836042 372816871
1 275167497 808666
2 909070772 553800246
1 235120045 85664413
1 184914772 246714373
1 151857880 64816524
1 741428806 493822548
1 808844341 468332255
1 176023976 349982713
1 213740757 748245115
1 200862770 849260884
1 510822110 895065711
1 23400495 302612064
1 211177049 255172630
1 740612449 658212331
1 318466701 940595383
1 467065475 916708540
1 553814449 558296823
1 790151628 39538748
1 983268419 905654468
1 165430637 194371772
1 75216124 875485141
1 146083543 90772189
1 74412177 248449794
1 788953914 384396020
1 826786650 584030460
1 128424179 204111218
1 324114596 375486180
2 586331197 458950474
1 466471516 671457862
1 304911748 755766894
1 263989071 956080173
1 523890940 352075880
2 103288666 598801264
1 33792429 452144904
1 272092516 859210527
1 889209543 606089728
1 509841078 439246416
1 22447790 470368305
1 278861827 814387213
1 789420477 428964351
1 141680329 809408627
1 380280747 260159935
2 195152265 509567464
1 574341781 23320002
1 36320231 341745247
1 90164809 423973728
1 192065234 165444975
1 459706837 794131200
1 474558097 936649899
1 102343666 541550371
1 241843857 630644475
1 50923826 971230654
1 316038806 937153411
1 790493697 139220068
1 739163679 724033636
1 44440763 739078232
1 97083680 745321687
1 657730225 373560466
2 242398099 1350112
1 909954322 16734498
1 830957956 617188629
1 577543116 141066172
1 529791624 740624106
1 607928162 514404886
1 963825654 341596035
1 54850690 605062267
1 622920339 439358448
1 970521566 417660797
1 234069098 602267360
2 870211988 289246246
1 225612701 209523683
1 772597260 1513989
1 641392799 313843431
2 582700629 717019861
1 532931271 614558638
1 990280961 446825855
1 707346911 703041963
1 685451939 81434843
1 885490162 371479024
1 340466713 327609783
1 801116429 788839160
1 966967778 818687997
1 961869441 30283918
1 881971997 16716916
1 333321902 503855538
1 333657305 698522818
1 960465220 51861688
1 32692156 848735907
1 145234939 422196781
1 883495623 1978981
1 150001380 74875729
1 138726613 558427696
1 242430900 759657941
1 653977234 574066492
1 298769416 393786604
1 72445667 118581067
1 192216534 560860428
1 642775756 289386682
1 454270234 615457753
1 127822200 617046978
1 738841568 752765000
1 504136343 196529386
1 895671398 481799294
1 991491195 666897292
1 828611354 832554461
1 662855105 608072746
1 391158950 761029183
1 953957102 44104812
1 895393685 463749266
1 816391254 607763873
2 526668536 583470196
1 62920591 944418613
1 934707092 779217439
1 877553225 119364979
1 685939536 893564456
1 226756220 455799762
2 444886778 466997570
1 914899861 739051307
1 530634865 28073711
1 292579529 794075920
1 596390714 232549649
1 301581063 404497499
1 11612633 545489532
1 61997026 247425765
1 1926463 165808936
1 494244484 93274570
1 655647984 530052909
1 841549916 602139070
1 907060903 133670315
1 850771804 768566680
1 581759517 139157428
1 607333952 471957073
1 32816894 443218757
1 60174435 472888464
1 580860506 854843658
1 107826621 351778235
1 197510922 703831439
1 835772265 926901406
1 657923774 124549793
1 919285033 426193113
1 179047448 418847667
1 780847382 222361035
1 838871813 481397114
2 583189133 337372001
1 10346011 525188626
1 784163988 337004677
1 731907270 172135452
1 632668260 856888101
1 363446558 795786816
1 617697409 497382043
1 21889020 107529012
1 858349172 626876905
1 427861862 92043056
1 615275692 804795139
1 57489727 655179117
1 906477416 709917472
1 374165514 767675382
1 632603431 767307098
1 68312336 14658585
1 821514086 807855417
1 792765439 813165863
1 334395818 225808927
1 719193141 86650402
1 474156204 978990258
1 631776595 110081397
1 331989656 380612064
1 391553857 955780191
1 590972395 361175390
1 2196593 996873708
1 613968842 108382237
1 872937904 652054802
1 865887336 619264080
1 79924415 905342108
1 164704450 874248745
1 438599843 383684797
1 470394914 832993569
1 603973088 613469225
1 40973577 886615108
1 516758562 737283066
1 582807233 361229642
1 566063866 482839652
1 829432975 756636726
1 93269251 706217825
1 391091915 427350516
1 366832057 713810040
1 752314489 558881665
1 102800059 183739425
1 508313970 335924602
1 586520049 692523813
1 285251087 824497683
1 490679384 304180986
1 508553460 273087160
1 140394680 114815863
1 730732323 752154046
1 189219141 575800158
1 420489429 944634573
1 28967967 178812078
1 501229807 738502715
1 743733788 224444307
1 512055614 944709547
1 844559779 796782630
1 984835506 119376844
1 32795954 445785246
1 835077983 350027136
2 864777663 148859145
1 456386611 471162571
1 956032925 572723621
1 695108323 374544981
1 774950023 96717506
1 747973112 607802424
1 32971634 896450290
1 702012274 445132500
1 32162132 176052058
1 660077236 17585050
1 248519044 796857671
2 91469014 514405624
1 124645657 561474883
1 446167759 876113836
1 627561156 128158475
1 23206185 124789766
1 190859272 578699533
1 532164049 604760366
1 933361654 434256021
1 52680057 423434013
1 369602670 34862497
2 598861208 597447945
1 463813598 96986623
1 333348773 955476435
1 55800200 531091308
1 213776184 196183057
1 835252398 133936394
1 654905475 142627450
1 954913561 86925696
1 992460057 563670328
1 709140480 137290157
1 872478000 512382862
1 58948726 554255193
1 638339427 889932824
1 876447975 870781052
1 153326337 768348137
1 998370455 322503174
1 687789452 920331610
1 32521606 922764282
1 664220698 730252758
2 537454602 476255110
1 942284233 72185984
1 439453968 499556721
1 591758551 689197400
2 267060453 37189919
1 781659282 983062453
1 755313541 571824748
1 504547802 314964789
1 477552624 873541307
1 111616530 978774457
1 661370888 285157744
1 970649610 67707589
1 68516079 291483539
1 307881675 279206102
1 507496571 837306560
1 93049513 515069975
1 537850020 886615917
1 405968421 348683806
1 601479746 657543171
1 998901965 665657156
1 225650718 55496824
1 26348113 244082487
2 304874137 916617395
1 528688227 168678481
2 640141451 111779134
1 715651234 41866638
1 527944075 901122768
1 914124731 389321857
1 190559765 839852678
1 353418961 765688503
2 196005363 22221443
1 991212834 283451259
1 714598158 168182413
1 311254563 778254827
1 192545977 655357988
1 394011032 451331123
1 680959032 731074539
1 85230606 685159649
1 927526317 143994824
1 709806620 241181833
1 139539553 775081903
1 630463338 513007468
1 377924583 314817233
1 69815803 661108337
1 106283061 385990501
1 601620357 873308601
1 900757406 62989870
1 376294074 35161303
1 53368567 464824770
1 565050660 633755586
1 12490138 615835607
2 605781816 947989663
1 974110526 607769401
1 829233639 553880221
2 357745216 817117359
1 428233485 102481298
1 876445905 835990562
1 932099135 44440727
1 471129506 501400853
2 379496524 171647278
1 620440581 711738682
1 234888778 700748660
1 676513924 36588381
1 521448031 889272188
1 431843100 285233418
1 950420198 521879978
1 269488800 255250077
1 185309763 442877169
1 800009544 365292141
1 543789269 923326098
1 737199582 73193709
1 877302383 991409357
1 70643822 338216719
1 587261682 272247762
1 945767142 981884147
1 112497524 960276508
1 864366883 480309204
1 684971726 807450962
1 543435191 60283024
1 680851875 77570487
1 227288441 456398452
1 907062174 800526943
1 926060486 484598393
1 924401021 156752480
1 84814042 333440864
1 561448905 21579995
1 47855071 579767828
1 571287253 18454012
1 137468352 885671539
1 868829450 675250197
1 73276918 850009673
1 923165117 66771844
1 438815216 501470092
1 857135970 356922292
1 87000976 374997181
1 915187780 76117224
1 225977827 51229071
1 92296981 190640042
1 979682715 770269456
1 109132164 26224388
1 292260570 728299301
1 343069236 118540904
1 294898048 752214038
1 650898672 165261064
1 78576222 514077405
1 999833221 930386150
1 622847758 366973228
1 851225574 805144482
1 639854190 578750801
1 843514413 407185444
1 741650736 721811342
1 130643173 784499955
1 47845276 976669754
1 402632333 320649034
1 508828258 389628430
1 49522520 248822251
1 461384047 711207190
1 469129170 34470631
1 812415517 359545171
1 447538671 87690281
1 912817802 898602624
1 246840329 499982077
1 116275381 823188275
1 973297967 628970748
1 304597029 908735602
1 509372125 147487933
1 348176789 707333226
1 60581218 281282248
1 601716884 348154243
1 429592638 323445652
1 392867073 197659964
1 7208198 682078132
1 77193976 904989000
1 67432767 264127931
1 783637278 867502873
1 262555754 843146540
1 204719367 449598675
1 561777970 464229578
1 51371482 112071880
1 447205631 139759364
1 930991825 406729311
1 182751325 599904065
1 735583894 688129257
1 907054993 34340945
1 503324229 432231270
1 476981215 66826254
1 376651727 396762911
1 568058034 432061454
1 2320070 338710844
1 515106231 883843360
1 373153040 723872618
1 455887905 33850486
1 735177496 654754081
1 579727092 132907383
1 710565610 319646303
1 470511598 646617910
1 714385971 896922798
1 113338422 646820821
1 563613733 105643614
1 680774717 135281050
1 818228988 636809575
1 229900958 622320153
1 950340545 537657076
1 502655454 722526658
1 4579816 456534798
1 158153383 292131673
1 242628539 933892967
1 826362842 903540345
1 29532299 73605414
1 65341479 623072514
1 46958890 904544359
1 866304247 36352669
1 446030978 370214147
1 76641553 771876718
1 747523414 846684148
1 179961732 959854748
1 53633262 264081272
1 878135826 321205398
1 579971657 948344044
1 32605137 972164730
1 940951428 501073888
1 983881062 257905712
1 105515943 732445226
1 230269863 380055547
1 51370301 92222813
1 800366189 709952293
1 662260519 204800432
1 795392803 874116024
1 810586640 40885559
1 610292107 797544277
1 306705103 831913321
1 367597343 45575029
1 708437363 850399551
1 256941991 981912267
1 921972798 147797812
1 607479129 764463265
1 136323503 410020728
1 711838743 35334742
1 41088031 662759839
1 627453850 472150180
1 56055254 168311523
1 975875952 214513125
1 286355735 269985218
1 874177356 363193165
1 580509874 404222575
1 237383018 464745978
1 135785443 956780896
1 712568330 412601569
1 654979722 35991710
1 146150264 773678527
1 684207973 855956173
1 904980334 170780415
1 101515869 75194565
1 940581727 522938700
1 162412064 207844311
1 33839579 244594954
1 823142797 471335205
1 729512715 936060282
1 135180765 92902476
1 57412510 504876645
1 669174790 448836191
2 723878966 531899885
1 137459231 377869823
1 553639407 763849576
1 505676723 108870860
1 867533564 370130665
1 303279406 238282311
1 613639787 227427215
2 78391715 560551903
1 987977068 587023272
1 691023654 235968380
1 975883358 131964345
1 733138427 743859750
1 744951012 561996674
1 948706873 997819183
1 948774315 983833230
1 95830108 589847062
1 45937436 123857579
1 278300391 175288371
1 306869911 99852661
1 361098083 186694559
1 749952508 870277713
1 941270502 568783312
1 10883646 971285483
1 499404063 117994365
1 994204150 811870321
1 608644907 30341288
1 120476054 911444104
1 287322433 130387906
1 623195002 553630773
1 12705192 728259469
1 910708512 954987593
1 783597936 206281879
1 209758157 384679972
1 724475248 816193224
1 821197379 134433231
1 311410497 458575340
1 976974365 141166171
1 79770901 679737379
1 755684674 574027560
1 236131635 907588367
1 729388981 3946591
1 134624448 771290754
1 710331033 465056536
1 537147952 971860923
2 724479899 101384003
1 90320678 541675295
1 421115265 725641990
1 55642400 819408933
1 663737495 51510878
1 56070600 219210323
1 362356264 5589803
1 308050585 616087756
1 559774704 800571199
1 648371043 633073401
1 92294488 710266682
1 734580342 208321391
1 136848661 646416646
1 97941913 575731698
1 255184124 354729009
1 502677198 294999488
1 332616252 381414223
1 557839726 846155727
1 927192743 980067547
2 87582068 758497259
1 942786658 73992018
1 448052148 127763632
1 814086681 529511108
1 186237216 205215633
2 289319111 476300347
1 599939949 755000178
1 991744031 621344650
1 169127267 401111488
1 157840930 690206465
1 649726328 789028279
1 292933473 93340365
1 951138318 60926005
1 481963989 60446639
1 418219112 294638753
1 870202034 914927946
1 10125812 326292749
1 361031243 3776904
1 899495589 330468021
1 147592525 36933968
1 291146032 116590536
1 95643325 952573897
1 283040956 186047965
1 35392410 573221807
2 613565891 778435721
1 44341865 662856702
1 245798474 169394268
1 723381423 966650694
1 420512988 193107039
1 685637527 905645065
1 487935629 287047288
1 764535157 147723698
1 362396510 327499256
2 924013939 93516247
1 613815263 29168700
1 218362086 755005257
1 164457506 18828231
1 7633955 602346512
1 58835436 4695232
1 235372732 37607528
1 416221919 87554354
1 452324528 126231716
1 537934004 943629936
1 303774946 769867081
1 305247722 107514618
1 711053165 71532247
1 798781960 1102901
1 954370446 548726479
1 737118522 65323358
1 669449440 769911447
1 727617447 87524289
1 439234392 104110183
1 33654214 631154115
1 875580247 319262085
1 378774213 709646761
1 962219498 471240976
1 736526423 496828631
1 753989150 142126750
2 325661492 249858419
1 684074850 411536490
1 363227457 260839956
2 871748474 136141262
1 642463726 133044344
1 885243194 308633720
1 39435385 365552419
1 693956963 143968862
1 744046587 186689806
1 629820550 447087787
1 305247077 742169034
1 345122835 126157298
2 12274405 723451879
1 289574815 685971603
1 832455158 217880301
1 875842625 79576768
1 108022488 910274101
1 824392822 798647488
1 166678884 53327700
1 820912735 290883748
1 758175264 276679328
1 782535130 671054260
1 488800433 143927656
1 430303033 171131113
1 185753561 666360636
1 662025740 553837073
1 232881736 121110696
1 770199081 852013898
1 617749885 231862528
1 185548924 374510224
1 77954614 11151406
1 908584601 972658837
1 386655953 241086249
1 29785704 830594533
1 842095032 966947672
1 361271266 949897593
1 742465741 741719917
1 960095038 125180108
1 129238534 799052399
1 683151020 271616278
1 234729198 959149825
1 27366863 186344561
1 137340756 534144145
1 822320172 677862359
1 98513350 796960191
1 637016699 926658376
1 615350117 55656114
1 898800060 732635422
2 986884504 197147878
1 737827057 881747799
1 695207830 46959130
1 815313398 26612326
1 687315180 184671625
1 490636630 940119577
2 915201734 163158455
1 617522501 59692003
1 710361237 179716586
1 769330344 136053021
1 971813118 649938791
1 300110506 665671186
1 246065473 361879167
1 434374688 238465063
1 170954802 51721175
1 528276920 52797742
1 740451916 107617847
1 200678892 53790632
1 91129549 458489732
1 501723193 440906629
1 931631131 414127018
1 217349902 130119367
1 567166772 485006549
1 482644565 554447814
1 510113017 714757895
1 215831071 165909092
1 295681267 237895311
1 39880158 250917642
1 363177161 562998731
1 32197454 562687490
1 133731625 798000122
1 117111388 634550973
2 971766420 865085505
1 894969594 571481348
1 340376192 599201914
1 899176568 618154437
1 802867264 150351947
1 491566553 182444840
1 835883994 657247062
1 715999310 95023960
1 114554113 958608057
1 411249956 68613024
1 505614669 65929282
1 153144158 208454400
2 820802154 579832528
1 486577936 297642576
1 223927262 154142890
1 43892516 553099000
1 180811907 216360444
1 527064178 145079418
1 75484788 657480186
1 197359095 92537275
1 633437047 892989328
1 394575709 204439227
1 566114022 118790122
1 402587376 712540382
1 48984987 242913217
1 590388284 281440048
1 185395469 735854264
1 606186362 511764766
1 792947699 935947458
1 259939880 620803740
1 91158374 381425016
1 33907090 231768684
1 116420336 318984735
1 59426753 998520394
1 91488998 57298134
1 741804123 4819357
1 202703124 715319504
1 105939045 46564530
1 913308369 908132674
1 905519329 994239861
1 736319089 514154809
1 35513063 660574553
1 299830492 47421760
1 517387377 361337114
1 917190402 374446826
1 885698009 717279906
1 983428194 443509246
1 822592843 965676562
1 365809629 64236889
1 251103723 287884684
1 539360522 296797845
1 429764165 58816294
1 778901815 89976240
1 892730163 440586530
1 378411251 51795368
1 921514904 248929364
1 28180437 620675828
1 222021897 135906618
1 455418378 584961138
1 520183744 322258471
2 43115877 739534278
1 702956545 283109668
1 447044003 216256146
1 251697169 879018440
1 26116497 646279669
1 698627639 541630524
1 560386633 702348736
1 819812275 329826773
1 409778929 174403774
1 451227884 815267409
2 864523268 961188252
1 411490076 809342570
1 398166337 215560485
1 183552126 967043168
1 75559803 563752222
1 43336602 154292059
1 670189163 317534026
1 945396693 50715098
1 753171105 71124895
1 409924866 272661864
1 384523614 703065253
1 951553905 455762126
1 90504547 129972862
1 688173364 575784584
1 344954206 232471920
1 348311306 27698220
1 276255566 960631526
1 323485112 533166827
1 597121592 631514313
1 960161172 29672824
1 982672745 277074716
1 629289919 118707158
1 174723 789085814
1 350144192 561220742
1 442194377 667475619
1 515945193 744870743
1 119087104 628155080
1 98649621 732761819
1 107780852 144065143
1 863106301 123049069
1 408037015 755804812
1 819496581 466408656
1 266788647 118418840
1 233540344 305433470
1 147515209 91989025
1 53929038 147242632
1 287028778 844400684
1 601159410 923128382
1 468075827 510804006
1 573538895 561600529
1 176516808 836054127
1 667976417 428112581
2 106685962 508075245
2 173438351 843056278
1 189687796 217055224
1 457512232 416626964
1 6157917 209874541
1 115681722 790001119
1 769282278 121186337
1 550810359 460680074
1 95063887 596872597
1 764104070 344895430
1 6198116 92520556
1 938841605 548500726
1 936575854 122729315
1 979461089 133347146
1 989378046 303918979
2 892398925 522941827
2 539289606 459417702
1 69581126 11859292
1 697838621 165506880
1 130658661 251828193
1 379708040 224607974
1 213197434 206550042
1 736722277 493579515
1 451434256 988794319
1 395409832 131621184
1 508558271 146924215
1 878186057 17954168
1 173966635 924969456
1 42375616 35385886
1 377798707 701208017
1 562513300 730997584
2 31918745 380414043
1 706861520 135010014
1 636176704 693764293
1 275449617 299948565
1 711150895 212091641
1 731850554 573414709
1 403989511 301398141
1 755787241 943366060
1 22357192 533644875
1 405748537 948060712
1 483359029 32047449
1 811237979 896016828
1 490731235 28157096
1 275682770 278088811
2 535731114 781384774
2 8319515 239651550
1 743931552 400780208
2 504753882 838089124
2 369673193 220142558
1 641378051 420478864
1 878355527 511731389
1 377219320 553385296
1 775520885 894239130
1 804094195 296544794
1 618756344 322054834
1 435250970 726729686
1 326251473 575734498
1 219346392 118367023
1 847206535 183654135
1 813362453 94829347
1 192800029 630242658
1 487027767 415501252
1 722201507 256133883
1 248776283 825306250
1 429646424 20405532
1 785626390 86253552
1 580341929 729054607
1 945677333 472464284
1 919860534 154198763
1 778674443 416018683
1 833337548 15823502
1 974439962 702149312
1 959336639 263669997
1 440438757 78057690
1 911614665 4831888
2 846998087 620730824
1 334113503 568886594
1 599275558 325998876
2 185109487 578827153
1 215459240 358996416
1 406881430 661240540
1 441005278 9641549
1 371300349 4971108
1 798030684 111825404
1 645052494 899816602
1 205983303 10713135
1 483496025 39571927
1 610919482 397396245
1 487191088 12953652
1 40348611 681756272
1 461230228 627959973
1 73075939 974144336
1 929430051 134818879
1 308381152 83981453
1 537245063 102016784
1 259500102 26410904
1 389454720 35322984
1 399381387 516574434
1 294576704 793836371
1 142684983 160254160
1 604473221 429269968
1 229797398 29270880
1 51642062 950699802
1 615022859 850398202
1 142473092 893969417
2 674641760 783382738
1 344448258 318938472
1 344974261 924041374
1 356991664 682565708
1 58052891 530341877
1 295880478 84045872
1 226438552 411720980
1 88770071 604932279
1 213096897 664308330
1 109061078 978965633
2 378302603 580253501
1 487553399 659863688
1 297810006 655873332
2 152199663 159691042
1 275870940 938673285
1 498900436 36448542
1 894200366 527968234
1 832619299 622093019
1 893502762 540756041
1 198715318 264257119
1 166455136 587762358
1 435159186 184115998
1 297837985 126116385
1 326810903 240656273
1 832228706 499847409
1 572213171 547972309
1 358777050 624777152
1 409751660 509072269
2 578280701 800239032
2 855288348 723215465
1 632512135 380378873
1 619152376 181208648
1 611329104 839462258
1 696843230 261334450
1 113708365 629023303
1 76892996 141385434
1 874429261 301993206
1 62295312 965751273
1 52338599 127000348
1 334287765 557245803
1 813214587 111634201
1 51187161 309156127
1 600552476 312323232
1 264151139 739494824
1 57163265 610783224
1 994453062 54872080
1 687940704 167456680
1 637798313 385364414
1 696111896 854705794
1 408553183 841105800
1 437857552 438396773
1 824334050 958350131
2 377868151 513848256
1 383604347 492351735
1 451723889 768710278
1 483993719 607358975
1 387407343 132279744
1 490134689 93931778
2 290224084 653796029
1 491667084 724585710
1 317579343 852133584
1 115346978 44883161
1 859677596 124357534
1 224336525 590175190
1 542753141 688991978
1 99533126 549444825
1 279978810 467189093
1 13978864 305523234
2 916346316 427300375
1 737471077 548264302
2 602244331 623021384
1 62487242 689530067
1 31257627 360927121
1 688026208 604522408
1 233658376 141713647
1 451873850 934599736
1 463412674 801107896
1 818987148 139797744
1 71220414 853106719
1 862584841 594300368
1 931424747 92914777
1 542015285 25264421
1 122530607 82578023
1 677158945 140038093
1 19342410 817854173
1 18803061 928907274
1 762838414 547851508
1 273926267 466808879
1 921809342 902581536
1 856073498 679824564
1 17804943 540428646
1 905274182 814516457
1 343572422 985653418
1 337104756 450751884
1 74235745 578124464
1 878706889 181643004
1 99896050 206657552
1 937006393 768863700
1 34165690 637596659
1 849327317 320415210
1 23253214 122227591
1 550915578 436117229
1 754393120 134694530
1 491104394 4873115
1 117681610 42380383
1 804917580 43253185
1 227028477 382150798
1 516265012 825101382
1 987100812 685152787
1 612617273 221903593
1 34542392 171871163
1 345642443 62252944
1 508234962 8037146
1 875794718 628908888
1 152682364 37017230
1 811873490 839631970
1 403918726 466219715
1 214399065 75009436
1 261944867 958881897
1 765024012 566953673
1 578167437 44094631
1 110381277 545230109
1 217445927 389506473
1 988281884 60593421
1 233445201 853848716
1 98486247 341440070
1 269695093 220427812
1 794690046 947781007
1 962177908 772237846
2 393597328 940658936
2 800759899 884585322
1 459838966 512834587
1 552534994 736354530
1 355195408 912167243
1 511906404 584420724
1 123464817 396954895
1 51687876 134738544
1 426397750 314054211
1 584088127 621400052
1 842089512 81194454
1 68329277 653891041
1 779404866 954819809
1 920509010 315716660
1 600252367 710842210
2 355121490 669827417
1 867946281 509709274
1 69487816 443598122
1 701542373 930419559
1 102743845 824907883
1 62678005 955221583
2 767940433 398138961
1 651886543 943044854
1 769059812 31672638
1 71965787 495688848
2 445587494 506513147
1 354293274 782386634
2 971313701 846171860
1 140085926 220554679
1 375003793 617223584
1 62615841 117452657
1 531838679 578717717
1 281208241 448378018
1 588572638 623627362
1 74907041 123178101
2 514425452 179408942
1 867122973 911778669
1 851219778 62236179
1 319574276 21234163
1 98644933 653970603
1 658799949 818037489
1 978368634 952325137
1 245066039 98766174
1 768059506 251915225
1 65340988 614820277
1 42206084 481028856
1 920803571 971436093
1 298125236 511493001
1 4832523 763319122
1 211376619 668883395
1 652817381 407769944
1 84528124 970467979
1 212458418 316304943
1 247624163 788978233
1 421470220 41898312
1 232107499 993411319
1 633830426 62059240
1 965891743 913636928
1 449631412 753166269
1 275524206 760587310
1 960270306 923425737
1 60409947 136171354
1 839934644 17044908
1 68209389 431912003
1 174898144 400972043
1 381833882 593896116
1 349958741 591829432
1 951993270 397718740
1 86311603 880628474
1 694403303 55670654
2 485293128 971689568
1 152143720 219457041
1 644079438 371028517
1 996903043 282029807
1 6923624 401231630
1 307685583 130971505
1 166390551 502282263
1 929651728 358555502
1 416571739 317506731
1 557215132 86022604
1 744764443 721298785
1 959405867 72679924
1 956432144 839946413
1 697516466 46015089
1 60711380 321431335
1 816352613 958324586
1 785239202 228257199
1 488296506 264361155
1 595234552 921266316
1 375698397 554014777
1 91728571 581812829
1 374342737 244273627
1 282667959 359538327
1 922216815 308529306
2 356677844 850643909
1 924455259 275351968
1 785821396 68752100
1 660059211 862122522
1 708225359 434731970
1 651245923 559057680
2 442357450 906254814
1 562630495 553210302
1 387831189 458903456
1 539017893 980683183
1 941725019 410894521
1 279152961 265025410
1 500655258 671992260
1 137581115 278890564
1 981182827 5826654
1 692782035 78811858
1 647347131 604053593
1 473857990 54853432
1 866883443 180965253
1 544504618 61294859
1 688426325 886837886
1 234435760 676809722
1 80562651 540251256
1 549342359 764829260
1 359863737 915877807
1 23345563 965327096
1 91280727 851854731
1 289978730 32120067
1 527626553 652476386
1 660548178 135751234
1 124694467 943351044
1 961668197 588438235
1 72874671 738916707
1 560089600 5082399
1 430411546 994909104
1 186456539 596410000
1 486331556 451701210
1 139568924 682763144
2 691001865 869760657
1 76723322 998684654
1 944212656 625441709
1 338246012 511510075
1 886446434 56651930
1 215994327 762269037
2 515755976 66689340
1 900856128 929231946
1 822805796 42788917
1 686964388 731361422
1 989186281 228408271
1 634116733 431570048
1 165568409 362422129
1 478453486 188964834
1 954270478 16047950
1 126864297 342935364
1 858559327 863984696
1 935711459 272723010
1 405126147 77486570
1 61419366 483133802
1 794103765 684090828
1 867899454 77192954
1 229570580 157602979
1 563572462 559485564
1 567143629 96042148
1 538540215 394799978
1 857768117 243998686
1 308773569 29861609
1 611149259 171312412
1 623392003 569659286
1 21462080 728904442
1 146906792 603742741
1 936598025 140852243
1 379522047 393590917
1 714952031 820758630
1 3133256 559499573
1 643098285 267680644
1 804956363 547595419
1 456534301 12926176
1 288896664 818684559
1 167124659 103017184
1 740385300 928464960
1 751618335 950544691
1 398077797 81973774
1 130725987 235892628
1 130432654 393790769
1 600855679 906267337
1 254570630 781153586
1 938195456 71587649
1 16813394 262355201
1 127215779 807842397
2 149579959 434503923
1 245059796 993840073
2 244016666 641823339
1 146515341 112571656
1 369779722 863091814
1 382323050 432429526
1 811400493 686927401
1 23947079 337588273
1 575160719 695287664
1 264771653 224033965
1 790724445 76939479
1 68104932 30808273
1 186682533 99723864
1 64400104 833768418
1 132468791 255406976
1 501895828 840394358
1 41481237 390448631
2 963003680 766085968
1 935747505 878548132
1 437564166 156930634
1 355987754 989719514
1 618535781 555514718
1 615672263 27512995
1 397282213 388473946
1 613305777 701667017
1 921685864 974770437
2 494624704 248202591
2 785724866 593856037
1 558241054 794319413
1 428502191 116634324
1 616039817 762542132
1 878866933 724018865
1 163263905 639834116
2 160380540 216737373
1 708423403 615773831
1 866915114 358754681
1 482640910 700039651
2 655098550 92671681
1 23464500 816817608
1 15140885 862762427
1 38901420 774115830
1 403678686 726834729
1 284834417 263975934
1 341216660 840045708
1 100899618 100777174
1 209632444 64800159
1 258823748 41842392
1 490996423 190204518
1 272506575 228365552
1 284567195 67743074
1 556509812 969127599
1 720042851 482824490
1 329546919 127720598
1 224216071 713188459
1 222475351 167173408
1 4681616 20003751
2 345973896 545037643
2 339626509 91203037
1 629766898 338337201
1 141926880 658223990
2 912411105 505697086
1 349791842 288746655
1 21352147 28744158
1 233053385 65553214
1 132216539 665279975
1 182419907 117707611
1 714886433 718253044
1 578091804 565909378
1 31699490 197383974
1 762073729 580692595
1 154090862 732817930
1 339715467 231815074
1 198007452 459076561
1 214353848 108025895
1 238708094 260461840
1 14611946 562819242
1 773651716 898391874
1 289739230 301810861
1 508289702 135073748
2 103352858 884697630
1 221633691 53779317
1 486837497 158095587
1 88088006 317357568
1 170839168 901239115
1 664739282 856159458
1 173252519 660240079
1 363929878 329011468
1 970579016 28717878
1 634477344 404413253
1 15561433 133956653
1 117092194 311957415
1 781597699 155058394
2 386099520 626535053
1 448711716 682726195
1 590998148 586984639
2 496586608 9668414
1 9139883 581148153
2 350995623 838836030
1 2135978 539643894
1 740648862 270205622
1 10511292 569625590
1 382995280 993180901
1 26316103 499068995
1 881838062 60638665
1 335838341 847972871
2 839857554 868876925
2 896519569 852107409
1 111901024 110792752
1 467892261 573093891
1 762012065 337284325
1 184384727 135204068
1 113125664 780007253
1 707780081 540879212
1 735008367 959686625
1 68199040 50954938
1 110242873 159536306
1 67892714 197501150
2 916399342 171024710
1 152957626 220894723
1 592528086 737870263
1 712183653 744291240
1 260789243 863662152
1 380205625 352089550
1 671792354 138056330
1 617107442 526246331
1 162567717 469399213
1 810308303 657842894
1 785175017 149499904
1 502756854 279272811
1 819916170 721484969
1 1719842 988097083
1 650415379 632490201
1 440089999 658932925
1 50563712 213761950
1 197933772 220736801
1 214054639 374187526
1 425864185 729340422
1 961261303 192221718
1 636308853 767308889
1 175342603 635564937
1 73724831 142653945
1 463573185 996827557
1 17042369 815770732
1 544495249 696808654
1 535460167 522545839
1 18557047 503160114
1 25258890 117380702
1 958015739 331118745
1 708757836 1159743
1 62351157 111359610
1 159382159 823838504
1 295652078 540294366
1 825048259 77158912
1 638915388 625669694
1 718283041 970468878
1 754636923 937324257
1 156885320 454633302
1 64384872 370742772
1 734680844 897458505
1 806332127 47740850
2 746064575 743275770
1 645420780 440127041
1 327795334 753602561
2 335290395 228579037
2 24808553 931479909
1 156388376 46935151
1 504740265 609228205
1 202873135 277727087
1 570722581 117946296
1 923112786 127706952
1 607561746 5523537
1 803256922 49861590
1 177323337 359001501
1 819515588 785859305
1 964071591 180091900
1 712248434 685581860
1 978131253 464651386
1 228568009 487261358
1 599052335 869257209
1 287120051 23920926
1 802904003 413319251
2 157904799 763652748
1 126434545 917049510
1 657861546 433188866
1 912793663 847403520
1 779618796 48352603
1 580369957 200121203
1 173247211 571028523
1 894250511 223271602
1 465145054 645426076
1 267293142 653026648
1 882196392 640640034
1 454169299 66526855
1 78009694 936880966
1 352700948 789967316
1 970734893 708080392
2 269648392 583007752
2 669082562 46243842
1 793338458 706477961
1 777032733 741086124
1 233841513 72213559
1 78704638 524881470
1 598371885 963330872
1 328366564 971352005
1 836006791 928117663
1 440512283 106787750
1 550736350 364294458
2 818835117 86601443
1 870574257 935450388
2 51247734 765680047
1 42046094 732539151
1 705057150 873734482
1 400924671 684744858
2 444298678 527240527
1 591322579 597245515
1 46227197 698903412
1 179010529 5371456
1 947788341 592437388
1 662154535 363989569
1 54305691 621155818
1 149215932 404248006
1 225193958 761644670
1 828924409 6123974
1 295864192 164832139
1 262278990 486541286
1 597594470 782218849
1 518302362 914125902
1 501344545 519420634
1 978065703 510436183
1 381318769 526326513
1 82958126 353315357
1 546101017 767664019
1 206917662 889120741
2 424539684 90772232
1 950840330 140587561
1 216283698 537781562
1 671782843 332710022
1 138403462 215174711
1 487027768 61012990
2 616198599 76686137
1 276072566 386939242
1 390068018 753087882
1 899512224 964557535
1 790767071 438849592
1 415644720 769483927
2 652054012 255707621
1 44790688 177816766
1 510193170 61889366
1 287535332 561097752
1 801761033 885280353
1 424614168 195141173
1 891740855 200177572
1 121868423 690669770
2 56512316 614723038
1 587350186 405229421
1 565249122 467317704
2 309888057 640730024
1 330450106 482220400
1 747005612 526899100
1 712516190 890789658
1 674583695 161989352
1 446657325 514315010
1 77468528 76933523
1 965253972 932037966
1 101864370 282978509
1 663738456 422167474
1 930832365 874168738
1 559254128 995690024
1 237685779 258282811
1 755580100 756914567
1 214079751 3266332
1 493464870 82225376
1 189580256 557114091
1 894849738 911566625
1 283402946 827562954
1 113222946 60520758
1 690572304 92579871
1 983374982 549175162
1 241903296 482152101
1 963058809 338134002
1 851653156 549064215
1 144243975 592428940
1 858135636 185461000
1 560833537 416508254
1 326497032 407877317
1 547855937 552338470
1 703699334 675241087
1 409167634 637786944
1 976435355 671959689
1 456189684 663399198
1 345466541 607856746
1 42753514 298771700
1 548206568 795921324
2 370323530 412938282
1 852734146 744415391
2 289988685 199433752
1 637110534 356259574
1 99410478 842604958
1 974496918 659408804
1 510662135 146828111
1 525085052 94163441
1 924694623 796354000
1 586910979 613411960
1 250115960 866421119
1 582595096 90810377
1 896272789 206464665
1 88744214 963332258
1 304485088 820321793
1 465695299 510480625
1 956934465 692520872
2 601715167 319296624
1 773191103 392298702
1 493964321 679542323
1 251446809 966185214
1 277794148 256796858
1 510614612 348109050
1 315945996 170274319
1 641762402 437815180
1 150768704 731883246
2 768543213 939127833
1 171092275 67262592
1 237930324 73383332
1 689389225 890429010
1 17712376 132138724
1 652172559 100643403
1 642798241 312787008
2 412829775 57848615
1 323363950 644280740
1 344343263 701771154
1 815694371 987174596
1 26048907 864799608
1 646182487 357234708
1 33919095 788041788
2 935037745 687030047
1 654154139 45320111
1 342186010 159063404
1 723020940 350463854
1 692468530 104700617
1 547414508 368670786
1 903977945 503497668
1 254049389 403569265
1 339663773 510477663
1 783869257 471406632
1 480259473 122912216
1 61020937 229188540
1 637516033 729030326
1 534372046 207343946
1 397031810 681939441
1 539159974 73671256
1 137372306 271426417
1 150631823 578807926
2 742542816 889635795
1 561837527 110699008
1 729001162 721302177
1 190260266 101140279
1 270972575 216231316
1 72855601 418407217
1 862550760 21501001
1 245680731 692476383
1 942111814 469307145
1 53532188 505792779
2 184576774 8432928
1 111025944 435708721
2 241662526 523476583
1 33777387 760860501
1 831164920 7686705
1 373252021 446984060
1 261973722 443847882
1 746924886 170137218
2 722739251 911084125
2 320384595 755363714
1 700795766 474119014
1 205479448 132356738
1 515115862 838690155
1 148853903 116582613
1 722205672 533156460
1 36462553 586267454
1 649939582 432726032
1 567827357 57061831
2 79755730 424758382
1 136472752 185007868
1 601599457 522042301
1 575985130 518777812
1 993361593 683400351
1 567597973 289750815
2 989873992 256370235
1 412279184 39495197
1 837512883 116697074
1 140481548 427322692
1 565651901 794373416
1 215545650 18310708
1 678578770 735221820
1 301848900 818088086
1 727387855 730760261
1 155408717 407170445
1 880626516 25537866
1 182625280 421927975
1 568503555 477481960
1 85534317 908705976
2 333970446 666516311
1 973774196 250038385
1 244360953 985804007
1 338849477 709506673
1 943253691 540502483
1 214124120 748976115
1 465288132 902654375
1 189877019 102358891
1 255394745 747152509
1 251217069 45407259
1 197587465 635784571
1 747449031 744012714
2 917961408 447842786
1 394746775 725040420
1 653604933 759254526
1 121129954 602596678
1 665088588 491515881
2 769482952 346430608
2 138681304 796919333
1 840412035 805125926
1 36716073 552210800
1 781543575 392879973
1 712259827 670042589
1 562526585 161300001
2 78459298 903440806
1 729112259 648047231
1 811842266 669355271
2 88376026 863142414
1 126251665 783847575
1 859102667 405965488
1 67615782 192577389
1 15654684 553742563
1 13798250 564911030
1 131818525 63804549
1 534577978 727980845
1 655110039 285767304
1 197129943 743168327
1 203589041 779562416
2 976077579 101269398
1 637834722 642785408
1 758837802 674537259
1 148206558 974073433
1 19342126 813080985
1 747682787 377782512
1 366823280 920800070
1 445340006 641949625
1 964950238 915126500
1 462859895 893464409
1 617761201 776555609
1 689762476 721207626
1 967146289 316933658
1 83639462 67111274
1 777606358 437561842
1 873743006 298502234
1 630627449 916715976
1 108206411 292457824
1 939072355 131748682
1 782164272 87516217
1 619210414 156653314
1 228410340 132285769
2 596461490 67576812
1 124020464 145779436
1 835090804 211004614
2 458622126 743262599
1 605592805 273270502
1 161829303 943776997
1 780147731 200744913
1 797470310 431037821
1 553825226 739425862
1 130650828 913157540
1 388739843 905287127
1 687327121 592385434
1 538864423 548796540
2 333695123 334129944
1 995712909 399779070
1 317979492 134986886
1 501319170 885921587
1 355257925 815406815
1 894003159 360993832
2 417912658 586517316
1 283062918 555163299
1 185173671 303062572
1 144663132 194749698
1 416557198 73116144
1 5333228 588733469
2 990590339 558596029
1 565608943 426883379
1 314060670 695854942
1 16854865 397831807
1 191008455 938534567
1 391379980 180913099
1 908223175 986117927
1 74263633 46838080
1 568533129 974532178
1 669217357 164259760
1 405514249 157865943
1 73084415 555073977
1 716351096 919545390
1 498611108 468680140
1 226335621 829243310
1 782235180 924761904
1 883094751 913995640
1 842750652 101051130
1 278244196 378302653
1 789152943 434509129
2 624944378 890622147
1 617826454 725779133
2 793760610 359135684
1 416929769 892466000
1 359312059 26738827
1 653455685 398327037
1 868874334 282131938
1 191265445 962798203
1 416614849 249077923
1 450714118 977358257
1 749987672 461279061
2 167936684 511314408
1 895970354 418406914
1 24412546 132284045
1 473025755 952381669
1 447443415 841227758
1 621609920 682961363
1 163771518 581351219
1 341661204 721562128
1 697924030 453492296
1 193584373 927810384
1 562555741 296819824
2 270591295 605014366
1 377924901 320161859
1 676463737 340579119
1 309612267 300494788
1 636532119 224773257
1 127808474 593375518
1 378011941 990064561
2 15491095 306290956
1 50813963 479268282
1 899710199 789934644
1 131561535 832519491
1 928173775 495424617
1 669704107 755132422
1 170533222 54171987
1 750116802 484083324
1 844941737 419394726
1 324888436 142008109
1 194545637 51388903
2 980100621 144543235
1 523189484 93101701
1 765030572 677207593
1 86208138 496197288
1 909808505 860955473
1 613489775 646637756
1 638375308 345501144
1 607079824 495795071
1 24962490 785258265
1 642613640 712186717
1 71858678 635970110
2 584268207 146015896
1 133702375 306395372
1 138558485 673162625
2 924819455 746921777
1 993304087 71402078
1 493098813 165334896
1 429980726 196568305
1 433614589 348383052
1 493517320 963752526
1 261494849 985363959
1 773863990 964092276
1 490605333 59605829
1 947981975 344855310
2 825344266 757181267
2 489167644 873191992
1 541177287 973417564
1 662002565 164334848
1 903582578 655520509
1 103479006 295856928
2 126955434 288717767
1 314217635 186482050
2 135094522 436394953
1 37854192 560245432
1 24202300 332120326
1 170568843 7359203
1 227177464 738691660
2 163646391 625825377
1 142349842 762968892
1 329052992 416224097
1 503440858 244931226
1 535953257 12953459
1 357200376 42904645
1 839022379 71497651
1 28214242 750362954
1 895283009 751101381
1 11859575 400876432
2 395146415 206360381
1 473063397 792052185
1 92772641 949628143
1 49523312 55111973
1 676367976 85629061
2 918870674 904512341
1 467455765 826840207
1 257234103 448987710
1 594563840 593049389
1 908503473 402119119
1 345409022 434113491
1 186301207 926207301
2 579671376 196488571
1 53153395 143396260
2 332290599 350615193
1 257216112 146612973
1 389797815 506753355
1 275594454 586740377
1 869446316 305498824
1 572955907 146234379
2 948445673 548293008
1 131043889 76882826
1 353407943 935014046
1 367515305 459740941
1 376889491 97895165
2 17929374 484256816
1 316533058 447090765
1 10396139 574711344
1 330095247 960556128
1 997471956 253816010
1 490117442 449556380
1 870133423 761782869
1 360678630 372377507
1 342276932 332684389
1 457756365 17781579
1 841865496 256619767
1 170367171 558320124
2 708550522 811800639
1 3452491 836936346
1 652410669 807590879
1 36362972 705588165
1 211385703 614536761
1 897158171 54694410
1 843317747 42282207
1 278652631 800418757
1 58516146 80839143
1 755788841 177278682
2 535914103 354892181
1 419938629 70252139
1 564184222 103917649
1 807460006 824134027
1 404299638 425756758
1 503209748 655632750
1 651890543 655767785
2 92601244 9420989
1 425947673 339544660
1 493337913 888921302
1 929349771 726015144
1 737378398 138091996
1 960880 117124631
1 90174478 586480611
1 80096089 495699732
2 709615106 524394751
1 725702088 108340281
1 463602170 690999874
1 71224661 924486048
1 982421649 351871538
2 758905221 807648392
1 481532671 401219601
1 39492080 170941637
1 787891865 507386231
1 510118769 604410337
1 6468124 335577718
1 973574896 988349157
1 361011743 883061826
1 828296321 187267193
1 78392557 929208466
1 40908376 145286970
1 767354972 88692747
1 109637475 136073199
1 335788302 799945976
1 680894796 5965156
2 530085151 24460032
2 89184522 773654226
1 450954319 512427748
1 499523452 770060219
1 187837049 176321453
1 996750146 652752153
1 883280719 892076169
1 576933523 633054856
1 141453299 934177642
1 635262838 366803960
1 246731133 812208552
1 947134396 339002008
1 969756778 448770763
1 485000640 350811046
1 100997331 950060987
1 784759523 401721765
2 895648461 450802204
1 34505932 706571590
1 550972066 238027398
1 967211843 625721158
1 560207387 837244861
1 322493350 44492069
2 358295473 120847101
1 99984193 895098375
1 205186319 500704929
1 874841475 433117894
2 679302863 813129567
1 847172539 405261941
2 32751900 498348246
1 315750396 384813835
1 509228595 675641448
1 698514209 428191092
1 309853985 68081920
1 363654865 208856693
2 936552648 732706073
2 740133549 199274619
1 631010421 910875439
1 424129095 632453850
1 449113554 639461451
1 862640731 533643598
1 462108260 145636846
1 892619026 720190618
1 3988722 52414753
2 65928385 542761999
1 104082251 697177408
1 411685014 145203311
1 387997633 108844117
2 479419703 41283355
1 745166872 42472047
1 873220718 317363828
1 86856427 93045785
2 928678337 178642141
2 514249049 509571015
2 769087831 355104324
1 728070537 319694753
1 483043317 813821737
1 796664460 126523822
1 103744045 455400107
1 14570473 658761109
2 721050892 452121823
1 221222639 587679294
1 317403372 42072634
1 774990803 782106966
2 856851394 76042176
1 367159731 926059664
1 73723020 112216468
1 601920078 822773576
1 15436636 390998543
1 102562506 131648379
1 259055179 784019562
1 407206349 34208301
1 151068729 479436127
2 813920138 877906554
1 664751704 271957434
1 32117917 580414200
1 468262164 702107740
1 646314171 629985471
1 896941214 703265405
1 135617184 276335530
1 862364062 385656431
1 969087048 723015466
1 717489013 717163586
1 802300097 889344
1 43300466 546954307
1 628132570 787473916
1 281486765 41585014
1 635228486 936933543
1 56964969 780011068
1 621511386 174384072
1 561448627 223929071
1 503869981 807729124
1 144487446 389478743
1 822487723 198924722
1 16217079 415980740
1 273294082 579093819
1 168876091 474563750
1 324469212 893066351
1 21404515 908893134
1 391648106 185318065
2 108612133 875997959
1 28916840 112499167
2 278029106 703747248
2 888543420 147978702
1 329374021 723812628
1 559158872 394722432
1 365308563 878250146
1 377079947 151405510
1 88592892 774568473
1 511505896 295533709
1 174184755 295945002
1 253985365 682022966
1 188950274 351919783
1 846069364 44068892
1 244681680 726790333
1 818178293 577757288
1 911862871 28946483
1 362956863 7933892
1 299328026 44926639
1 552129261 152629518
1 743552943 686971108
1 138684872 856886709
1 839960187 800851178
1 565806262 241235096
1 200812511 359062940
1 160951009 421696690
1 28047624 97497875
1 81609901 961512830
2 996034980 517859073
1 376790402 934495058
1 221633395 255825867
2 799922151 836940215
1 787419891 17370154
1 367659689 738919182
1 61592764 688423850
1 454209564 388755641
2 312069730 800886136
1 898304734 790604506
1 340219062 460306720
1 60300075 437036297
1 123487928 430876403
1 29428084 676568978
2 916419780 307504754
1 704019645 970762192
2 485753555 120151569
1 349029944 13923782
1 45540277 684235785
1 869318562 98799571
1 698289088 146571161
1 694745127 712760750
1 138733866 325823798
1 531855475 861008089
1 596870272 495524945
1 812243484 970175256
1 920489479 194480565
1 766508364 99159042
1 741757619 577731698
1 492749599 738546139
2 522354700 95272542
1 264058589 124469199
1 890656138 296691776
1 254420928 412595719
1 589697615 410784400
1 815437463 964289134
1 61617557 105119801
1 858826555 60318398
1 718900510 610852126
1 459766899 449088165
1 104237841 726221382
1 931405844 129717125
1 825268448 482908141
1 596585913 11270526
1 438980638 341255421
1 887707992 139325835
1 666291115 375034347
1 342741931 705471641
1 854775960 701444937
1 418131272 758774098
1 491239064 120788158
1 909544741 929862641
1 159135084 966216273
1 898407680 580355703
1 92837912 46637840
1 296451702 94673052
1 19764 332173548
1 682742121 634680304
1 93839239 696071553
2 318909197 580669645
1 600256605 427565207
1 322323836 135932496
1 315577612 775800441
1 414033095 807211385
1 315426265 379595059
1 275822037 116760564
1 710620814 247459931
1 259774179 190372102
1 475120523 6430515
1 853037214 188606904
1 265980315 417684798
2 316646768 210731088
2 755246729 803420533
1 5991361 912556565
1 555751065 101768652
1 137216831 598820317
1 133245080 210572895
1 135392095 788232001
1 51280678 171886208
1 315626235 238502133
1 398172460 525491168
1 991767417 659888083
1 846522621 219508350
1 106943940 548944197
1 354144682 77979468
1 591931370 91777617
1 591780705 854518256
1 999357581 733260680
1 103576231 782433856
1 689143298 845079793
1 973260499 999246072
1 261192082 398747706
1 589272817 861139002
1 610741269 549654001
1 150152912 119685337
1 385804909 762953848
2 641544449 715141334
1 610128643 197688476
2 877831436 293268540
1 486924559 828368043
1 618194971 476993411
1 519270613 7651283
1 808776963 335910209
1 946841446 503337230
2 144900132 90062826
1 988490066 412024648
1 3334799 213391971
2 874432550 2766360
1 880353280 728227708
1 93555025 7232727
1 425536432 870268114
2 733201512 449624276
2 940635334 276427902
2 739753640 49573575
2 486449197 74388428
1 914255553 647584986
1 488556802 137167311
1 106291219 316080585
1 363062802 995472087
1 35605851 72578822
1 528829199 390511238
1 55637614 738970631
1 961355669 985252502
1 40301217 885205314
1 120553183 60267560
1 465339337 615773163
1 844562554 488916986
1 984410988 574437406
1 51070683 937467537
2 586267031 735017581
1 827681527 237337601
1 169104288 14903435
1 40376324 45016
1 655135097 706917110
1 107286879 431795520
1 662355375 444540155
1 566632879 101801486
1 640223940 350688110
1 989289068 162970802
1 83411616 178165777
1 800055433 136548564
1 485013088 914529651
1 346575334 708966452
1 229682999 254050534
1 992387615 700642703
1 233591034 157380300
1 508551832 38703942
1 142308665 632433544
1 435528497 96158681
1 64801397 135848928
1 404253487 443075479
1 48259575 142837037
1 958298064 781187726
2 294137639 856921857
1 463111958 834919956
1 927704180 192876040
1 783655035 165944772
1 871810216 233376831
2 329856735 246852238
1 133606567 50655385
1 645191106 81984839
1 130649787 895661453
1 279644039 76122415
1 823664485 649410833
1 221985009 515930002
1 951218385 259128427
1 592199027 649826591
2 288318779 843589599
2 206602545 35400263
1 247771431 116627862
1 314633565 941588041
1 548031233 203571048
2 824432557 673495055
1 846964992 64503159
1 853508097 512802897
1 771218527 451468575
1 657099656 158500449
1 33280495 792509823
1 735123208 742335665
1 931764008 706928532
1 19143163 409572069
1 89078193 341087792
2 551162557 85104566
1 414883760 864931089
1 737274227 387289999
1 800512708 25013479
2 813747036 116064887
1 110391917 724056589
1 445700767 469830233
1 399318454 251838081
1 618745405 138203061
1 218444878 353511823
1 908481630 242025240
1 598627552 965358847
1 71201854 334147377
1 59242508 403903395
1 740842846 235527416
1 746713099 112621825
1 625960250 784513675
1 240315204 353872199
1 734049349 21340275
1 842969159 626014632
2 390207272 946046213
1 35956779 675658424
1 667357482 763090271
2 860946197 177919493
1 238611765 788943984
1 647944118 900195867
1 517113752 264510455
1 411119655 233149186
1 809571062 4451642
1 305555185 832594318
1 22093277 954519255
1 473021562 881909918
1 51364669 583522945
1 415734370 128747830
1 688850682 222049975
1 528818525 211113320
1 344371467 382817204
1 595521380 654038640
1 448675512 74245567
1 730402588 652748842
2 70564889 573116279
1 478546262 393745997
1 457651798 260324010
1 22115222 968843801
1 373869659 883186269
2 735889885 742974122
1 407656094 796116506
1 959220770 463743361
1 87392464 512285056
1 661863687 125179596
1 998209723 768564097
1 785184166 303267147
1 573823020 687417041
1 225615110 604516815
1 897554911 73231227
1 951896420 562939368
1 698859679 146559510
1 975497043 81619081
1 441714026 829645881
1 276657121 474136892
1 108996162 94943843
1 227702066 172764308
1 28093694 310269874
1 207414979 657592972
1 75958753 33475353
1 73224783 180798150
1 613568514 822520482
1 942894990 747244295
2 954351552 24153599
1 282014498 321258957
1 342092569 529062742
1 31793201 772384751
1 900987856 788679373
1 905648461 17077738
1 363656994 244638796
1 257370042 586230836
1 92552135 538551095
1 107854926 827500370
1 75068798 901365775
1 62182119 63316522
1 551469773 13054359
1 91967164 296878086
1 676361572 770975611
1 560001681 320406344
1 711111629 699631626
1 593890626 808738504
1 5096418 903635093
1 213179154 692296660
1 156350867 62016319
1 923506048 501831867
1 36033156 604821594
2 802061652 288311523
1 375323971 910509358
1 75106753 746296882
1 643359855 368920340
2 126623305 794571536
1 788036710 1333921
1 345882226 4339953
1 757211348 256012292
1 654225242 240348232
1 71391454 18765861
1 129677460 379125671
1 718977499 111827671
1 681209499 645706114
1 363451712 89431516
1 36021567 410045271
1 277178787 6